date,structured_pd,non_structured_pd,total
2025-03-31,2868934,1469,2870403
2025-03-30,2868934,1469,2870403
2025-03-29,2868807,1469,2870276
2025-03-28,2867829,1468,2869297
2025-03-27,2867091,1468,2868559
2025-03-26,2866780,1468,2868248
2025-03-25,2866418,1467,2867885
2025-03-24,2866549,1467,2868016
2025-03-23,2866549,1467,2868016
2025-03-22,2866549,1466,2868015
2025-03-21,2866458,1465,2867923
2025-03-20,2866416,1464,2867880
2025-03-19,2866292,1464,2867756
2025-03-18,2866116,1464,2867580
2025-03-17,2866064,1464,2867528
2025-03-16,2866064,1464,2867528
2025-03-15,2866064,1464,2867528
2025-03-14,2866049,1464,2867513
2025-03-13,2865979,1463,2867442
2025-03-12,2865817,1463,2867280
2025-03-11,2865734,1462,2867196
2025-03-10,2865663,1462,2867125
2025-03-09,2865663,1462,2867125
2025-03-08,2865663,1460,2867123
2025-03-07,2865655,1457,2867112
2025-03-06,2865499,1457,2866956
2025-03-05,2865472,1456,2866928
2025-03-04,2865453,1456,2866909
2025-03-03,2864752,1456,2866208
2025-03-02,2864752,1456,2866208
2025-03-01,2864356,1454,2865810
2025-02-28,2863126,1453,2864579
2025-02-27,2862371,1453,2863824
2025-02-26,2861905,1453,2863358
2025-02-25,2861428,1453,2862881
2025-02-24,2861323,1453,2862776
2025-02-23,2861323,1453,2862776
2025-02-22,2861323,1453,2862776
2025-02-21,2861249,1451,2862700
2025-02-20,2861188,1447,2862635
2025-02-19,2861257,1447,2862704
2025-02-18,2861067,1447,2862514
2025-02-17,2856240,1447,2857687
2025-02-16,2856240,1447,2857687
2025-02-15,2856240,1446,2857686
2025-02-14,2856209,1446,2857655
2025-02-13,2856117,1446,2857563
2025-02-12,2854971,1446,2856417
2025-02-11,2854810,1444,2856254
2025-02-10,2854721,1444,2856165
2025-02-09,2854721,1444,2856165
2025-02-08,2854717,1397,2856114
2025-02-07,2854651,1396,2856047
2025-02-06,2854595,1394,2855989
2025-02-05,2854330,1384,2855714
2025-02-04,2854272,1384,2855656
2025-02-03,2853803,1384,2855187
2025-02-02,2853803,1384,2855187
2025-02-01,2853802,1367,2855169
2025-01-31,2847751,1367,2849118
2025-01-30,2821306,1367,2822673
2025-01-29,2814677,1367,2816044
2025-01-28,2808841,1362,2810203
2025-01-27,2802981,1362,2804343
2025-01-26,2802979,1362,2804341
2025-01-25,2802979,1360,2804339
2025-01-24,2802200,1358,2803558
2025-01-23,2801695,1358,2803053
2025-01-22,2800949,1358,2802307
2025-01-21,2800675,1358,2802033
2025-01-20,2800608,1358,2801966
2025-01-19,2800602,1358,2801960
2025-01-18,2800602,1355,2801957
2025-01-17,2800353,1355,2801708
2025-01-16,2800034,1355,2801389
2025-01-15,2799630,1352,2800982
2025-01-14,2799274,1352,2800626
2025-01-13,2799219,1352,2800571
2025-01-12,2799219,1352,2800571
2025-01-11,2799219,1351,2800570
2025-01-10,2799187,1350,2800537
2025-01-09,2799073,1350,2800423
2025-01-08,2798992,1350,2800342
2025-01-07,2798852,1347,2800199
2025-01-06,2798741,1347,2800088
2025-01-05,2798741,1347,2800088
2025-01-04,2798740,1347,2800087
2025-01-03,2798449,1347,2799796
2025-01-02,2798394,1347,2799741
2025-01-01,2798394,1347,2799741
2024-12-31,2797974,1347,2799321
2024-12-30,2795886,1347,2797233
2024-12-29,2795737,1347,2797084
2024-12-28,2795721,1346,2797067
2024-12-27,2792561,1346,2793907
2024-12-26,2792556,1346,2793902
2024-12-25,2792556,1344,2793900
2024-12-24,2792083,1344,2793427
2024-12-23,2791357,1344,2792701
2024-12-22,2791357,1344,2792701
2024-12-21,2791357,1344,2792701
2024-12-20,2791009,1340,2792349
2024-12-19,2790538,1334,2791872
2024-12-18,2790329,1334,2791663
2024-12-17,2789937,1334,2791271
2024-12-16,2789774,1334,2791108
2024-12-15,2789774,1334,2791108
2024-12-14,2789774,1334,2791108
2024-12-13,2789696,1334,2791030
2024-12-12,2789566,1334,2790900
2024-12-11,2789503,1334,2790837
2024-12-10,2789002,1334,2790336
2024-12-09,2788977,1334,2790311
2024-12-08,2788977,1334,2790311
2024-12-07,2788977,1334,2790311
2024-12-06,2788885,1333,2790218
2024-12-05,2789025,1333,2790358
2024-12-04,2788962,1330,2790292
2024-12-03,2788696,1330,2790026
2024-12-02,2788506,1330,2789836
2024-12-01,2788503,1330,2789833
2024-11-30,2788432,1330,2789762
2024-11-29,2785366,1330,2786696
2024-11-28,2784050,1329,2785379
2024-11-27,2783835,1328,2785163
2024-11-26,2783408,1327,2784735
2024-11-25,2783226,1327,2784553
2024-11-24,2783226,1327,2784553
2024-11-23,2783226,1324,2784550
2024-11-22,2783079,1324,2784403
2024-11-21,2782693,1320,2784013
2024-11-20,2782618,1320,2783938
2024-11-19,2782515,1316,2783831
2024-11-18,2782327,1316,2783643
2024-11-17,2782327,1316,2783643
2024-11-16,2782327,1316,2783643
2024-11-15,2782294,1316,2783610
2024-11-14,2782050,1316,2783366
2024-11-13,2781988,1315,2783303
2024-11-12,2781842,1315,2783157
2024-11-11,2781842,1315,2783157
2024-11-10,2781842,1315,2783157
2024-11-09,2781842,1314,2783156
2024-11-08,2762592,1310,2763902
2024-11-07,2762589,1307,2763896
2024-11-06,2756979,1304,2758283
2024-11-05,2782552,1304,2783856
2024-11-04,2782398,1304,2783702
2024-11-03,2782398,1304,2783702
2024-11-02,2782398,1304,2783702
2024-11-01,2782166,1303,2783469
2024-10-31,2769115,1303,2770418
2024-10-30,2744304,1300,2745604
2024-10-29,2709529,1293,2710822
2024-10-28,2705483,1293,2706776
2024-10-27,2705483,1293,2706776
2024-10-26,2705483,1293,2706776
2024-10-25,2704763,1290,2706053
2024-10-24,2704389,1290,2705679
2024-10-23,2704059,1286,2705345
2024-10-22,2703884,1285,2705169
2024-10-21,2703803,1285,2705088
2024-10-20,2703803,1285,2705088
2024-10-19,2703803,1283,2705086
2024-10-18,2703684,1282,2704966
2024-10-17,2703570,1279,2704849
2024-10-16,2703504,1228,2704732
2024-10-15,2703047,1228,2704275
2024-10-14,2703042,1228,2704270
2024-10-13,2703042,1228,2704270
2024-10-12,2703042,1226,2704268
2024-10-11,2702739,1222,2703961
2024-10-10,2702546,1221,2703767
2024-10-09,2702502,1215,2703717
2024-10-08,2702378,1214,2703592
2024-10-07,2702156,1214,2703370
2024-10-06,2702156,1214,2703370
2024-10-05,2702156,1212,2703368
2024-10-04,2701991,1212,2703203
2024-10-03,2701858,1202,2703060
2024-10-02,2701671,1201,2702872
2024-10-01,2701292,1201,2702493
2024-09-30,2701235,1201,2702436
2024-09-29,2701180,1201,2702381
2024-09-28,2701180,1193,2702373
2024-09-27,2699362,1191,2700553
2024-09-26,2698718,1191,2699909
2024-09-25,2698223,1192,2699415
2024-09-24,2697365,1192,2698557
2024-09-23,2697228,1192,2698420
2024-09-22,2697228,1192,2698420
2024-09-21,2697228,1190,2698418
2024-09-20,2697108,1188,2698296
2024-09-19,2697071,1186,2698257
2024-09-18,2697027,1186,2698213
2024-09-17,2696808,1186,2697994
2024-09-16,2696681,1186,2697867
2024-09-15,2696681,1186,2697867
2024-09-14,2696681,1181,2697862
2024-09-13,2695498,1181,2696679
2024-09-12,2695436,1181,2696617
2024-09-11,2695059,1181,2696240
2024-09-10,2694993,1181,2696174
2024-09-09,2694843,1181,2696024
2024-09-08,2694842,1181,2696023
2024-09-07,2694750,1181,2695931
2024-09-06,2694702,1178,2695880
2024-09-05,2694672,1177,2695849
2024-09-04,2694496,1177,2695673
2024-09-03,2694117,1177,2695294
2024-09-02,2694117,1177,2695294
2024-09-01,2694117,1177,2695294
2024-08-31,2694113,1176,2695289
2024-08-30,2694205,1173,2695378
2024-08-29,2693036,1173,2694209
2024-08-28,2691915,1172,2693087
2024-08-27,2691713,1172,2692885
2024-08-26,2690848,1172,2692020
2024-08-25,2690848,1172,2692020
2024-08-24,2690848,1172,2692020
2024-08-23,2690381,1172,2691553
2024-08-22,2690169,1169,2691338
2024-08-21,2689841,1169,2691010
2024-08-20,2689463,1163,2690626
2024-08-19,2689295,1163,2690458
2024-08-18,2689295,1163,2690458
2024-08-17,2689295,1163,2690458
2024-08-16,2689248,1161,2690409
2024-08-15,2689198,1161,2690359
2024-08-14,2689078,1161,2690239
2024-08-13,2688712,1161,2689873
2024-08-12,2688571,1161,2689732
2024-08-11,2688571,1161,2689732
2024-08-10,2688571,1161,2689732
2024-08-09,2688359,1161,2689520
2024-08-08,2688208,1159,2689367
2024-08-07,2688720,1159,2689879
2024-08-06,2688558,1159,2689717
2024-08-05,2688479,1159,2689638
2024-08-04,2688479,1159,2689638
2024-08-03,2688479,1159,2689638
2024-08-02,2688348,1158,2689506
2024-08-01,2684413,1156,2685569
2024-07-31,2673043,1156,2674199
2024-07-30,2653279,1154,2654433
2024-07-29,2640751,1154,2641905
2024-07-28,2640751,1154,2641905
2024-07-27,2640751,1154,2641905
2024-07-26,2639008,1154,2640162
2024-07-25,2633883,1153,2635036
2024-07-24,2633534,1151,2634685
2024-07-23,2632115,1150,2633265
2024-07-22,2631851,1150,2633001
2024-07-21,2631851,1150,2633001
2024-07-20,2631851,1146,2632997
2024-07-19,2629401,1146,2630547
2024-07-18,2629111,1146,2630257
2024-07-17,2628641,1145,2629786
2024-07-16,2628442,1143,2629585
2024-07-15,2628314,1142,2629456
2024-07-14,2628314,1142,2629456
2024-07-13,2628314,1137,2629451
2024-07-12,2628133,1131,2629264
2024-07-11,2628105,1126,2629231
2024-07-10,2627969,1126,2629095
2024-07-09,2578110,1126,2579236
2024-07-08,2577810,1125,2578935
2024-07-07,2577810,1125,2578935
2024-07-06,2577810,1125,2578935
2024-07-05,2577820,1125,2578945
2024-07-04,2577777,1125,2578902
2024-07-03,2577220,1124,2578344
2024-07-02,2576778,1124,2577902
2024-07-01,2576755,1124,2577879
2024-06-30,2576650,1124,2577774
2024-06-29,2576595,1124,2577719
2024-06-28,2574654,1121,2575775
2024-06-27,2573706,1121,2574827
2024-06-26,2573233,1121,2574354
2024-06-25,2572719,1121,2573840
2024-06-24,2572718,1121,2573839
2024-06-23,2572713,1121,2573834
2024-06-22,2572713,1118,2573831
2024-06-21,2572584,1115,2573699
2024-06-20,2572568,1114,2573682
2024-06-19,2572322,1109,2573431
2024-06-18,2572270,1109,2573379
2024-06-17,2572353,1109,2573462
2024-06-16,2572353,1109,2573462
2024-06-15,2572353,1108,2573461
2024-06-14,2572190,1104,2573294
2024-06-13,2571980,1104,2573084
2024-06-12,2571893,1101,2572994
2024-06-11,2571754,1101,2572855
2024-06-10,2571621,1101,2572722
2024-06-09,2571621,1101,2572722
2024-06-08,2571621,1101,2572722
2024-06-07,2566508,1097,2567605
2024-06-06,2565908,1094,2567002
2024-06-05,2565096,1094,2566190
2024-06-04,2565096,1094,2566190
2024-06-03,2560872,1094,2561966
2024-06-02,2560816,1094,2561910
2024-06-01,2560824,1095,2561919
2024-05-31,2557618,1092,2558710
2024-05-30,2542906,1091,2543997
2024-05-29,2540977,1090,2542067
2024-05-28,2535465,1089,2536554
2024-05-27,2533761,1089,2534850
2024-05-26,2533761,1089,2534850
2024-05-25,2533760,1088,2534848
2024-05-24,2533282,1088,2534370
2024-05-23,2532899,1087,2533986
2024-05-22,2532826,1087,2533913
2024-05-21,2531869,1087,2532956
2024-05-20,2531869,1087,2532956
2024-05-19,2531869,1087,2532956
2024-05-18,2531869,1087,2532956
2024-05-17,2531814,1085,2532899
2024-05-16,2531381,1084,2532465
2024-05-15,2530921,1084,2532005
2024-05-14,2528613,1084,2529697
2024-05-13,2527800,1084,2528884
2024-05-12,2527800,1084,2528884
2024-05-11,2527800,1083,2528883
2024-05-10,2527767,1083,2528850
2024-05-09,2527354,1077,2528431
2024-05-08,2527150,1077,2528227
2024-05-07,2526975,1076,2528051
2024-05-06,2512582,1076,2513658
2024-05-05,2512582,1076,2513658
2024-05-04,2512582,1076,2513658
2024-05-03,2512295,1076,2513371
2024-05-02,2517221,1076,2518297
2024-05-01,2516508,1076,2517584
2024-04-30,2499578,1076,2500654
2024-04-29,2486310,1076,2487386
2024-04-28,2486310,1076,2487386
2024-04-27,2486310,1076,2487386
2024-04-26,2482977,1076,2484053
2024-04-25,2482360,1076,2483436
2024-04-24,2482039,1072,2483111
2024-04-23,2477952,1072,2479024
2024-04-20,2477765,1068,2478833
2024-04-19,2478641,1067,2479708
2024-04-18,2477615,1067,2478682
2024-04-17,2477514,1065,2478579
2024-04-16,2477451,1065,2478516
2024-04-15,2477265,1065,2478330
2024-04-14,2477265,1065,2478330
2024-04-12,2477183,1065,2478248
2024-04-11,2476976,1060,2478036
2024-04-10,2476817,1060,2477877
2024-04-09,2476771,1056,2477827
2024-04-07,2476611,1056,2477667
2024-04-06,2476611,1055,2477666
2024-04-05,2476296,1055,2477351
2024-04-04,2475882,1053,2476935
2024-04-03,2475786,1053,2476839
2024-04-02,2475279,1053,2476332
2024-04-01,2475273,1053,2476326
2024-03-31,2475272,1053,2476325
2024-03-30,2475272,1053,2476325
2024-03-29,2475151,1051,2476202
2024-03-28,2473257,1050,2474307
2024-03-27,2472946,1049,2473995
2024-03-26,2472708,1049,2473757
2024-03-25,2472311,1049,2473360
2024-03-24,2472325,1049,2473374
2024-03-23,2472325,1047,2473372
2024-03-22,2472302,1038,2473340
2024-03-21,2471845,1038,2472883
2024-03-20,2471790,1038,2472828
2024-03-19,2471706,1037,2472743
2024-03-18,2471612,1037,2472649
2024-03-17,2471612,1037,2472649
2024-03-16,2471612,1033,2472645
2024-03-15,2471593,1033,2472626
2024-03-14,2471437,1033,2472470
2024-03-13,2471132,1030,2472162
2024-03-12,2470793,1027,2471820
2024-03-11,2470706,1027,2471733
2024-03-10,2470706,1027,2471733
2024-03-09,2470705,1024,2471729
2024-03-08,2470401,1024,2471425
2024-03-07,2470099,1024,2471123
2024-03-06,2470237,1022,2471259
2024-03-05,2470186,1022,2471208
2024-03-04,2470039,1022,2471061
2024-03-03,2470039,1022,2471061
2024-03-02,2470039,1021,2471060
2024-03-01,2469605,1019,2470624
2024-02-29,2466903,1018,2467921
2024-02-28,2466903,1018,2467921
2024-02-27,2466318,1013,2467331
2024-02-26,2466318,1013,2467331
2024-02-25,2466318,1013,2467331
2024-02-24,2466318,1008,2467326
2024-02-23,2466073,1006,2467079
2024-02-22,2465972,1006,2466978
2024-02-21,2465762,1006,2466768
2024-02-20,2465710,1005,2466715
2024-02-19,2465550,1005,2466555
2024-02-18,2465550,1005,2466555
2024-02-17,2465550,1003,2466553
2024-02-16,2465514,1003,2466517
2024-02-15,2465492,1003,2466495
2024-02-14,2465403,1003,2466406
2024-02-13,2465364,1003,2466367
2024-02-12,2465302,1003,2466305
2024-02-11,2465302,1003,2466305
2024-02-10,2465302,1002,2466304
2024-02-09,2465213,1002,2466215
2024-02-08,2465030,1001,2466031
2024-02-07,2464887,1001,2465888
2024-02-06,2464859,1001,2465860
2024-02-05,2464717,1001,2465718
2024-02-04,2464717,1001,2465718
2024-02-03,2464717,1001,2465718
2024-02-02,2464487,1000,2465487
2024-02-01,2462180,1000,2463180
2024-01-31,2446818,1000,2447818
2024-01-30,2426387,998,2427385
2024-01-28,2411053,998,2412051
2024-01-27,2411051,998,2412049
2024-01-26,2407061,997,2408058
2024-01-25,2406290,997,2407287
2024-01-24,2405815,997,2406812
2024-01-23,2405434,997,2406431
2024-01-22,2405304,997,2406301
2024-01-21,2405304,997,2406301
2024-01-20,2405304,992,2406296
2024-01-19,2405115,991,2406106
2024-01-18,2404966,989,2405955
2024-01-17,2404672,987,2405659
2024-01-16,2404369,985,2405354
2024-01-15,2404263,985,2405248
2024-01-14,2404263,985,2405248
2024-01-13,2404239,985,2405224
2024-01-12,2403942,985,2404927
2024-01-11,2403791,985,2404776
2024-01-10,2403730,985,2404715
2024-01-09,2403403,984,2404387
2024-01-08,2403312,984,2404296
2024-01-07,2403312,984,2404296
2024-01-06,2403312,984,2404296
2024-01-05,2403268,984,2404252
2024-01-04,2403093,985,2404078
2024-01-03,2402942,985,2403927
2024-01-02,2402840,985,2403825
2024-01-01,2402840,985,2403825
2023-12-31,2402840,985,2403825
2023-12-30,2402837,985,2403822
2023-12-29,2401771,985,2402756
2023-12-28,2401078,984,2402062
2023-12-27,2400832,984,2401816
2023-12-26,2400832,984,2401816
2023-12-25,2400832,984,2401816
2023-12-24,2400832,984,2401816
2023-12-23,2400809,982,2401791
2023-12-22,2399984,982,2400966
2023-12-21,2399577,981,2400558
2023-12-20,2399199,981,2400180
2023-12-19,2399129,981,2400110
2023-12-18,2398945,981,2399926
2023-12-17,2398945,981,2399926
2023-12-16,2398945,978,2399923
2023-12-15,2398900,978,2399878
2023-12-14,2398766,977,2399743
2023-12-13,2398706,964,2399670
2023-12-12,2398370,964,2399334
2023-12-11,2398370,964,2399334
2023-12-10,2398370,964,2399334
2023-12-09,2398370,964,2399334
2023-12-08,2398269,962,2399231
2023-12-07,2398155,962,2399117
2023-12-06,2398150,961,2399111
2023-12-05,2397946,961,2398907
2023-12-04,2397836,958,2398794
2023-12-03,2397836,958,2398794
2023-12-02,2397836,954,2398790
2023-12-01,2396100,955,2397055
2023-11-30,2395840,953,2396793
2023-11-29,2394563,952,2395515
2023-11-28,2393973,952,2394925
2023-11-27,2393614,952,2394566
2023-11-26,2393614,952,2394566
2023-11-24,2393389,948,2394337
2023-11-23,2393305,944,2394249
2023-11-22,2393309,942,2394251
2023-11-21,2393240,940,2394180
2023-11-20,2393203,940,2394143
2023-11-19,2393203,940,2394143
2023-11-18,2393203,935,2394138
2023-11-17,2392987,933,2393920
2023-11-16,2392753,929,2393682
2023-11-15,2392640,929,2393569
2023-11-14,2392531,929,2393460
2023-11-13,2392531,929,2393460
2023-11-12,2392531,929,2393460
2023-11-11,2392531,929,2393460
2023-11-10,2392412,926,2393338
2023-11-09,2392054,926,2392980
